Payment # 	Balance	Payment	Interest	Total Payment	Remaining Balance
__________	__________	________	_______	________	_________
1	 200,000.00	 208.81	 958.33	 1,167.15	 199,791.19
 2	 199,791.19	 209.81	 957.33	 1,167.15	 199,581.37
 3	 199,581.37	 210.82	 956.33	 1,167.15	 199,370.56
 4	 199,370.56	 211.83	 955.32	 1,167.15	 199,158.73
 5	 199,158.73	 212.84	 954.30	 1,167.15	 198,945.88
 6	 198,945.88	 213.86	 953.28	 1,167.15	 198,732.02
 7	 198,732.02	 214.89	 952.26	 1,167.15	 198,517.13
 8	 198,517.13	 215.92	 951.23	 1,167.15	 198,301.22
 9	 198,301.22	 216.95	 950.19	 1,167.15	 198,084.26
 10	 198,084.26	 217.99	 949.15	 1,167.15	 197,866.27
 11	 197,866.27	 219.04	 948.11	 1,167.15	 197,647.23
 12	 197,647.23	 220.09	 947.06	 1,167.15	 197,427.15
 13	 197,427.15	 221.14	 946.01	 1,167.15	 197,206.01
 14	 197,206.01	 222.20	 944.95	 1,167.15	 196,983.81
 15	 196,983.81	 223.26	 943.88	 1,167.15	 196,760.54
 16	 196,760.54	 224.33	 942.81	 1,167.15	 196,536.21
 17	 196,536.21	 225.41	 941.74	 1,167.15	 196,310.80
 18	 196,310.80	 226.49	 940.66	 1,167.15	 196,084.31
 19	 196,084.31	 227.58	 939.57	 1,167.15	 195,856.73
 
 Payment # 	Balance	Payment	Interest	Total Payment	Remaining Balance
__________	__________	________	_______	________	_________
20	 195,856.73	 228.67	 938.48	 1,167.15	 195,628.07
 21	 195,628.07	 229.76	 937.38	 1,167.15	 195,398.31
 22	 195,398.31	 230.86	 936.28	 1,167.15	 195,167.44
 23	 195,167.44	 231.97	 935.18	 1,167.15	 194,935.48
 24	 194,935.48	 233.08	 934.07	 1,167.15	 194,702.40
 25	 194,702.40	 234.20	 932.95	 1,167.15	 194,468.20
 26	 194,468.20	 235.32	 931.83	 1,167.15	 194,232.88
 27	 194,232.88	 236.45	 930.70	 1,167.15	 193,996.43
 28	 193,996.43	 237.58	 929.57	 1,167.15	 193,758.85
 29	 193,758.85	 238.72	 928.43	 1,167.15	 193,520.14
 30	 193,520.14	 239.86	 927.28	 1,167.15	 193,280.27
 31	 193,280.27	 241.01	 926.13	 1,167.15	 193,039.26
 32	 193,039.26	 242.17	 924.98	 1,167.15	 192,797.10
 33	 192,797.10	 243.33	 923.82	 1,167.15	 192,553.77
 34	 192,553.77	 244.49	 922.65	 1,167.15	 192,309.28
 35	 192,309.28	 245.66	 921.48	 1,167.15	 192,063.62
 36	 192,063.62	 246.84	 920.30	 1,167.15	 191,816.77
 37	 191,816.77	 248.02	 919.12	 1,167.15	 191,568.75
 38	 191,568.75	 249.21	 917.93	 1,167.15	 191,319.54
 39	 191,319.54	 250.41	 916.74	 1,167.15	 191,069.13
 
 Payment # 	Balance	Payment	Interest	Total Payment	Remaining Balance
__________	__________	________	_______	________	_________
40	 191,069.13	 251.61	 915.54	 1,167.15	 190,817.53
 41	 190,817.53	 252.81	 914.33	 1,167.15	 190,564.71
 42	 190,564.71	 254.02	 913.12	 1,167.15	 190,310.69
 43	 190,310.69	 255.24	 911.91	 1,167.15	 190,055.45
 44	 190,055.45	 256.46	 910.68	 1,167.15	 189,798.99
 45	 189,798.99	 257.69	 909.45	 1,167.15	 189,541.30
 46	 189,541.30	 258.93	 908.22	 1,167.15	 189,282.37
 47	 189,282.37	 260.17	 906.98	 1,167.15	 189,022.20
 48	 189,022.20	 261.41	 905.73	 1,167.15	 188,760.79
 49	 188,760.79	 262.67	 904.48	 1,167.15	 188,498.12
 50	 188,498.12	 263.93	 903.22	 1,167.15	 188,234.19
 51	 188,234.19	 265.19	 901.96	 1,167.15	 187,969.00
 52	 187,969.00	 266.46	 900.68	 1,167.15	 187,702.54
 53	 187,702.54	 267.74	 899.41	 1,167.15	 187,434.81
 54	 187,434.81	 269.02	 898.13	 1,167.15	 187,165.78
 55	 187,165.78	 270.31	 896.84	 1,167.15	 186,895.48
 56	 186,895.48	 271.60	 895.54	 1,167.15	 186,623.87
 57	 186,623.87	 272.91	 894.24	 1,167.15	 186,350.96
 58	 186,350.96	 274.21	 892.93	 1,167.15	 186,076.75
 59	 186,076.75	 275.53	 891.62	 1,167.15	 185,801.22
 
 Payment # 	Balance	Payment	Interest	Total Payment	Remaining Balance
__________	__________	________	_______	________	_________
60	 185,801.22	 276.85	 890.30	 1,167.15	 185,524.37
 61	 185,524.37	 278.17	 888.97	 1,167.15	 185,246.20
 62	 185,246.20	 279.51	 887.64	 1,167.15	 184,966.69
 63	 184,966.69	 280.85	 886.30	 1,167.15	 184,685.84
 64	 184,685.84	 282.19	 884.95	 1,167.15	 184,403.65
 65	 184,403.65	 283.54	 883.60	 1,167.15	 184,120.11
 66	 184,120.11	 284.90	 882.24	 1,167.15	 183,835.20
 67	 183,835.20	 286.27	 880.88	 1,167.15	 183,548.93
 68	 183,548.93	 287.64	 879.51	 1,167.15	 183,261.29
 69	 183,261.29	 289.02	 878.13	 1,167.15	 182,972.28
 70	 182,972.28	 290.40	 876.74	 1,167.15	 182,681.87
 71	 182,681.87	 291.80	 875.35	 1,167.15	 182,390.08
 72	 182,390.08	 293.19	 873.95	 1,167.15	 182,096.88
 73	 182,096.88	 294.60	 872.55	 1,167.15	 181,802.29
 74	 181,802.29	 296.01	 871.14	 1,167.15	 181,506.28
 75	 181,506.28	 297.43	 869.72	 1,167.15	 181,208.85
 76	 181,208.85	 298.85	 868.29	 1,167.15	 180,909.99
 77	 180,909.99	 300.29	 866.86	 1,167.15	 180,609.71
 78	 180,609.71	 301.72	 865.42	 1,167.15	 180,307.98
 79	 180,307.98	 303.17	 863.98	 1,167.15	 180,004.81
 
 Payment # 	Balance	Payment	Interest	Total Payment	Remaining Balance
__________	__________	________	_______	________	_________
80	 180,004.81	 304.62	 862.52	 1,167.15	 179,700.19
 81	 179,700.19	 306.08	 861.06	 1,167.15	 179,394.11
 82	 179,394.11	 307.55	 859.60	 1,167.15	 179,086.56
 83	 179,086.56	 309.02	 858.12	 1,167.15	 178,777.54
 84	 178,777.54	 310.50	 856.64	 1,167.15	 178,467.03
 85	 178,467.03	 311.99	 855.15	 1,167.15	 178,155.04
 86	 178,155.04	 313.49	 853.66	 1,167.15	 177,841.56
 87	 177,841.56	 314.99	 852.16	 1,167.15	 177,526.57
 88	 177,526.57	 316.50	 850.65	 1,167.15	 177,210.07
 89	 177,210.07	 318.01	 849.13	 1,167.15	 176,892.06
 90	 176,892.06	 319.54	 847.61	 1,167.15	 176,572.52
 91	 176,572.52	 321.07	 846.08	 1,167.15	 176,251.45
 92	 176,251.45	 322.61	 844.54	 1,167.15	 175,928.84
 93	 175,928.84	 324.15	 842.99	 1,167.15	 175,604.69
 94	 175,604.69	 325.71	 841.44	 1,167.15	 175,278.98
 95	 175,278.98	 327.27	 839.88	 1,167.15	 174,951.72
 96	 174,951.72	 328.84	 838.31	 1,167.15	 174,622.88
 97	 174,622.88	 330.41	 836.73	 1,167.15	 174,292.47
 98	 174,292.47	 331.99	 835.15	 1,167.15	 173,960.48
 99	 173,960.48	 333.59	 833.56	 1,167.15	 173,626.89
 
 Payment # 	Balance	Payment	Interest	Total Payment	Remaining Balance
__________	__________	________	_______	________	_________
100	 173,626.89	 335.18	 831.96	 1,167.15	 173,291.71
 101	 173,291.71	 336.79	 830.36	 1,167.15	 172,954.92
 102	 172,954.92	 338.40	 828.74	 1,167.15	 172,616.51
 103	 172,616.51	 340.02	 827.12	 1,167.15	 172,276.49
 104	 172,276.49	 341.65	 825.49	 1,167.15	 171,934.83
 105	 171,934.83	 343.29	 823.85	 1,167.15	 171,591.54
 106	 171,591.54	 344.94	 822.21	 1,167.15	 171,246.61
 107	 171,246.61	 346.59	 820.56	 1,167.15	 170,900.02
 108	 170,900.02	 348.25	 818.90	 1,167.15	 170,551.77
 109	 170,551.77	 349.92	 817.23	 1,167.15	 170,201.85
 110	 170,201.85	 351.60	 815.55	 1,167.15	 169,850.25
 111	 169,850.25	 353.28	 813.87	 1,167.15	 169,496.97
 112	 169,496.97	 354.97	 812.17	 1,167.15	 169,142.00
 113	 169,142.00	 356.67	 810.47	 1,167.15	 168,785.33
 114	 168,785.33	 358.38	 808.76	 1,167.15	 168,426.95
 115	 168,426.95	 360.10	 807.05	 1,167.15	 168,066.85
 116	 168,066.85	 361.83	 805.32	 1,167.15	 167,705.02
 117	 167,705.02	 363.56	 803.59	 1,167.15	 167,341.46
 118	 167,341.46	 365.30	 801.84	 1,167.15	 166,976.16
 119	 166,976.16	 367.05	 800.09	 1,167.15	 166,609.11
 
 Payment # 	Balance	Payment	Interest	Total Payment	Remaining Balance
__________	__________	________	_______	________	_________
120	 166,609.11	 368.81	 798.34	 1,167.15	 166,240.30
 121	 166,240.30	 370.58	 796.57	 1,167.15	 165,869.72
 122	 165,869.72	 372.35	 794.79	 1,167.15	 165,497.37
 123	 165,497.37	 374.14	 793.01	 1,167.15	 165,123.23
 124	 165,123.23	 375.93	 791.22	 1,167.15	 164,747.30
 125	 164,747.30	 377.73	 789.41	 1,167.15	 164,369.57
 126	 164,369.57	 379.54	 787.60	 1,167.15	 163,990.03
 127	 163,990.03	 381.36	 785.79	 1,167.15	 163,608.67
 128	 163,608.67	 383.19	 783.96	 1,167.15	 163,225.48
 129	 163,225.48	 385.02	 782.12	 1,167.15	 162,840.45
 130	 162,840.45	 386.87	 780.28	 1,167.15	 162,453.59
 131	 162,453.59	 388.72	 778.42	 1,167.15	 162,064.86
 132	 162,064.86	 390.58	 776.56	 1,167.15	 161,674.28
 133	 161,674.28	 392.46	 774.69	 1,167.15	 161,281.82
 134	 161,281.82	 394.34	 772.81	 1,167.15	 160,887.49
 135	 160,887.49	 396.23	 770.92	 1,167.15	 160,491.26
 136	 160,491.26	 398.13	 769.02	 1,167.15	 160,093.13
 137	 160,093.13	 400.03	 767.11	 1,167.15	 159,693.10
 138	 159,693.10	 401.95	 765.20	 1,167.15	 159,291.15
 139	 159,291.15	 403.88	 763.27	 1,167.15	 158,887.28
 
 Payment # 	Balance	Payment	Interest	Total Payment	Remaining Balance
__________	__________	________	_______	________	_________
140	 158,887.28	 405.81	 761.33	 1,167.15	 158,481.46
 141	 158,481.46	 407.76	 759.39	 1,167.15	 158,073.71
 142	 158,073.71	 409.71	 757.44	 1,167.15	 157,664.00
 143	 157,664.00	 411.67	 755.47	 1,167.15	 157,252.33
 144	 157,252.33	 413.64	 753.50	 1,167.15	 156,838.68
 145	 156,838.68	 415.63	 751.52	 1,167.15	 156,423.06
 146	 156,423.06	 417.62	 749.53	 1,167.15	 156,005.44
 147	 156,005.44	 419.62	 747.53	 1,167.15	 155,585.82
 148	 155,585.82	 421.63	 745.52	 1,167.15	 155,164.19
 149	 155,164.19	 423.65	 743.50	 1,167.15	 154,740.54
 150	 154,740.54	 425.68	 741.47	 1,167.15	 154,314.86
 151	 154,314.86	 427.72	 739.43	 1,167.15	 153,887.14
 152	 153,887.14	 429.77	 737.38	 1,167.15	 153,457.37
 153	 153,457.37	 431.83	 735.32	 1,167.15	 153,025.54
 154	 153,025.54	 433.90	 733.25	 1,167.15	 152,591.64
 155	 152,591.64	 435.98	 731.17	 1,167.15	 152,155.66
 156	 152,155.66	 438.07	 729.08	 1,167.15	 151,717.59
 157	 151,717.59	 440.17	 726.98	 1,167.15	 151,277.43
 158	 151,277.43	 442.27	 724.87	 1,167.15	 150,835.15
 159	 150,835.15	 444.39	 722.75	 1,167.15	 150,390.76
 
 Payment # 	Balance	Payment	Interest	Total Payment	Remaining Balance
__________	__________	________	_______	________	_________
160	 150,390.76	 446.52	 720.62	 1,167.15	 149,944.24
 161	 149,944.24	 448.66	 718.48	 1,167.15	 149,495.57
 162	 149,495.57	 450.81	 716.33	 1,167.15	 149,044.76
 163	 149,044.76	 452.97	 714.17	 1,167.15	 148,591.79
 164	 148,591.79	 455.14	 712.00	 1,167.15	 148,136.64
 165	 148,136.64	 457.32	 709.82	 1,167.15	 147,679.32
 166	 147,679.32	 459.52	 707.63	 1,167.15	 147,219.81
 167	 147,219.81	 461.72	 705.43	 1,167.15	 146,758.09
 168	 146,758.09	 463.93	 703.22	 1,167.15	 146,294.16
 169	 146,294.16	 466.15	 700.99	 1,167.15	 145,828.00
 170	 145,828.00	 468.39	 698.76	 1,167.15	 145,359.62
 171	 145,359.62	 470.63	 696.51	 1,167.15	 144,888.99
 172	 144,888.99	 472.89	 694.26	 1,167.15	 144,416.10
 173	 144,416.10	 475.15	 691.99	 1,167.15	 143,940.95
 174	 143,940.95	 477.43	 689.72	 1,167.15	 143,463.52
 175	 143,463.52	 479.72	 687.43	 1,167.15	 142,983.80
 176	 142,983.80	 482.01	 685.13	 1,167.15	 142,501.79
 177	 142,501.79	 484.32	 682.82	 1,167.15	 142,017.46
 178	 142,017.46	 486.65	 680.50	 1,167.15	 141,530.82
 179	 141,530.82	 488.98	 678.17	 1,167.15	 141,041.84
 
 Payment # 	Balance	Payment	Interest	Total Payment	Remaining Balance
__________	__________	________	_______	________	_________
180	 141,041.84	 491.32	 675.83	 1,167.15	 140,550.52
 181	 140,550.52	 493.67	 673.47	 1,167.15	 140,056.85
 182	 140,056.85	 496.04	 671.11	 1,167.15	 139,560.81
 183	 139,560.81	 498.42	 668.73	 1,167.15	 139,062.39
 184	 139,062.39	 500.81	 666.34	 1,167.15	 138,561.59
 185	 138,561.59	 503.20	 663.94	 1,167.15	 138,058.38
 186	 138,058.38	 505.62	 661.53	 1,167.15	 137,552.76
 187	 137,552.76	 508.04	 659.11	 1,167.15	 137,044.73
 188	 137,044.73	 510.47	 656.67	 1,167.15	 136,534.25
 189	 136,534.25	 512.92	 654.23	 1,167.15	 136,021.33
 190	 136,021.33	 515.38	 651.77	 1,167.15	 135,505.96
 191	 135,505.96	 517.85	 649.30	 1,167.15	 134,988.11
 192	 134,988.11	 520.33	 646.82	 1,167.15	 134,467.78
 193	 134,467.78	 522.82	 644.32	 1,167.15	 133,944.96
 194	 133,944.96	 525.33	 641.82	 1,167.15	 133,419.64
 195	 133,419.64	 527.84	 639.30	 1,167.15	 132,891.79
 196	 132,891.79	 530.37	 636.77	 1,167.15	 132,361.42
 197	 132,361.42	 532.91	 634.23	 1,167.15	 131,828.51
 198	 131,828.51	 535.47	 631.68	 1,167.15	 131,293.04
 199	 131,293.04	 538.03	 629.11	 1,167.15	 130,755.01
 
 Payment # 	Balance	Payment	Interest	Total Payment	Remaining Balance
__________	__________	________	_______	________	_________
200	 130,755.01	 540.61	 626.53	 1,167.15	 130,214.39
 201	 130,214.39	 543.20	 623.94	 1,167.15	 129,671.19
 202	 129,671.19	 545.80	 621.34	 1,167.15	 129,125.39
 203	 129,125.39	 548.42	 618.73	 1,167.15	 128,576.97
 204	 128,576.97	 551.05	 616.10	 1,167.15	 128,025.92
 205	 128,025.92	 553.69	 613.46	 1,167.15	 127,472.23
 206	 127,472.23	 556.34	 610.80	 1,167.15	 126,915.89
 207	 126,915.89	 559.01	 608.14	 1,167.15	 126,356.88
 208	 126,356.88	 561.69	 605.46	 1,167.15	 125,795.20
 209	 125,795.20	 564.38	 602.77	 1,167.15	 125,230.82
 210	 125,230.82	 567.08	 600.06	 1,167.15	 124,663.74
 211	 124,663.74	 569.80	 597.35	 1,167.15	 124,093.94
 212	 124,093.94	 572.53	 594.62	 1,167.15	 123,521.41
 213	 123,521.41	 575.27	 591.87	 1,167.15	 122,946.14
 214	 122,946.14	 578.03	 589.12	 1,167.15	 122,368.11
 215	 122,368.11	 580.80	 586.35	 1,167.15	 121,787.31
 216	 121,787.31	 583.58	 583.56	 1,167.15	 121,203.73
 217	 121,203.73	 586.38	 580.77	 1,167.15	 120,617.35
 218	 120,617.35	 589.19	 577.96	 1,167.15	 120,028.17
 219	 120,028.17	 592.01	 575.13	 1,167.15	 119,436.16
 
 Payment # 	Balance	Payment	Interest	Total Payment	Remaining Balance
__________	__________	________	_______	________	_________
220	 119,436.16	 594.85	 572.30	 1,167.15	 118,841.31
 221	 118,841.31	 597.70	 569.45	 1,167.15	 118,243.61
 222	 118,243.61	 600.56	 566.58	 1,167.15	 117,643.05
 223	 117,643.05	 603.44	 563.71	 1,167.15	 117,039.61
 224	 117,039.61	 606.33	 560.81	 1,167.15	 116,433.28
 225	 116,433.28	 609.24	 557.91	 1,167.15	 115,824.04
 226	 115,824.04	 612.16	 554.99	 1,167.15	 115,211.89
 227	 115,211.89	 615.09	 552.06	 1,167.15	 114,596.80
 228	 114,596.80	 618.04	 549.11	 1,167.15	 113,978.76
 229	 113,978.76	 621.00	 546.15	 1,167.15	 113,357.76
 230	 113,357.76	 623.97	 543.17	 1,167.15	 112,733.79
 231	 112,733.79	 626.96	 540.18	 1,167.15	 112,106.83
 232	 112,106.83	 629.97	 537.18	 1,167.15	 111,476.86
 233	 111,476.86	 632.99	 534.16	 1,167.15	 110,843.87
 234	 110,843.87	 636.02	 531.13	 1,167.15	 110,207.86
 235	 110,207.86	 639.07	 528.08	 1,167.15	 109,568.79
 236	 109,568.79	 642.13	 525.02	 1,167.15	 108,926.66
 237	 108,926.66	 645.21	 521.94	 1,167.15	 108,281.46
 238	 108,281.46	 648.30	 518.85	 1,167.15	 107,633.16
 239	 107,633.16	 651.40	 515.74	 1,167.15	 106,981.75
 
 Payment # 	Balance	Payment	Interest	Total Payment	Remaining Balance
__________	__________	________	_______	________	_________
240	 106,981.75	 654.52	 512.62	 1,167.15	 106,327.23
 241	 106,327.23	 657.66	 509.48	 1,167.15	 105,669.57
 242	 105,669.57	 660.81	 506.33	 1,167.15	 105,008.76
 243	 105,008.76	 663.98	 503.17	 1,167.15	 104,344.78
 244	 104,344.78	 667.16	 499.99	 1,167.15	 103,677.62
 245	 103,677.62	 670.36	 496.79	 1,167.15	 103,007.26
 246	 103,007.26	 673.57	 493.58	 1,167.15	 102,333.69
 247	 102,333.69	 676.80	 490.35	 1,167.15	 101,656.89
 248	 101,656.89	 680.04	 487.11	 1,167.15	 100,976.85
 249	 100,976.85	 683.30	 483.85	 1,167.15	 100,293.56
 250	 100,293.56	 686.57	 480.57	 1,167.15	 99,606.98
 251	 99,606.98	 689.86	 477.28	 1,167.15	 98,917.12
 252	 98,917.12	 693.17	 473.98	 1,167.15	 98,223.95
 253	 98,223.95	 696.49	 470.66	 1,167.15	 97,527.46
 254	 97,527.46	 699.83	 467.32	 1,167.15	 96,827.64
 255	 96,827.64	 703.18	 463.97	 1,167.15	 96,124.46
 256	 96,124.46	 706.55	 460.60	 1,167.15	 95,417.91
 257	 95,417.91	 709.93	 457.21	 1,167.15	 94,707.97
 258	 94,707.97	 713.34	 453.81	 1,167.15	 93,994.64
 259	 93,994.64	 716.75	 450.39	 1,167.15	 93,277.88
 
 Payment # 	Balance	Payment	Interest	Total Payment	Remaining Balance
__________	__________	________	_______	________	_________
260	 93,277.88	 720.19	 446.96	 1,167.15	 92,557.69
 261	 92,557.69	 723.64	 443.51	 1,167.15	 91,834.05
 262	 91,834.05	 727.11	 440.04	 1,167.15	 91,106.95
 263	 91,106.95	 730.59	 436.55	 1,167.15	 90,376.35
 264	 90,376.35	 734.09	 433.05	 1,167.15	 89,642.26
 265	 89,642.26	 737.61	 429.54	 1,167.15	 88,904.65
 266	 88,904.65	 741.14	 426.00	 1,167.15	 88,163.51
 267	 88,163.51	 744.70	 422.45	 1,167.15	 87,418.81
 268	 87,418.81	 748.26	 418.88	 1,167.15	 86,670.55
 269	 86,670.55	 751.85	 415.30	 1,167.15	 85,918.70
 270	 85,918.70	 755.45	 411.69	 1,167.15	 85,163.25
 271	 85,163.25	 759.07	 408.07	 1,167.15	 84,404.17
 272	 84,404.17	 762.71	 404.44	 1,167.15	 83,641.47
 273	 83,641.47	 766.36	 400.78	 1,167.15	 82,875.10
 274	 82,875.10	 770.04	 397.11	 1,167.15	 82,105.07
 275	 82,105.07	 773.73	 393.42	 1,167.15	 81,331.34
 276	 81,331.34	 777.43	 389.71	 1,167.15	 80,553.91
 277	 80,553.91	 781.16	 385.99	 1,167.15	 79,772.75
 278	 79,772.75	 784.90	 382.24	 1,167.15	 78,987.85
 279	 78,987.85	 788.66	 378.48	 1,167.15	 78,199.19
 
 Payment # 	Balance	Payment	Interest	Total Payment	Remaining Balance
__________	__________	________	_______	________	_________
280	 78,199.19	 792.44	 374.70	 1,167.15	 77,406.74
 281	 77,406.74	 796.24	 370.91	 1,167.15	 76,610.51
 282	 76,610.51	 800.05	 367.09	 1,167.15	 75,810.45
 283	 75,810.45	 803.89	 363.26	 1,167.15	 75,006.57
 284	 75,006.57	 807.74	 359.41	 1,167.15	 74,198.83
 285	 74,198.83	 811.61	 355.54	 1,167.15	 73,387.22
 286	 73,387.22	 815.50	 351.65	 1,167.15	 72,571.72
 287	 72,571.72	 819.41	 347.74	 1,167.15	 71,752.31
 288	 71,752.31	 823.33	 343.81	 1,167.15	 70,928.98
 289	 70,928.98	 827.28	 339.87	 1,167.15	 70,101.70
 290	 70,101.70	 831.24	 335.90	 1,167.15	 69,270.46
 291	 69,270.46	 835.22	 331.92	 1,167.15	 68,435.23
 292	 68,435.23	 839.23	 327.92	 1,167.15	 67,596.01
 293	 67,596.01	 843.25	 323.90	 1,167.15	 66,752.76
 294	 66,752.76	 847.29	 319.86	 1,167.15	 65,905.47
 295	 65,905.47	 851.35	 315.80	 1,167.15	 65,054.12
 296	 65,054.12	 855.43	 311.72	 1,167.15	 64,198.69
 297	 64,198.69	 859.53	 307.62	 1,167.15	 63,339.17
 298	 63,339.17	 863.65	 303.50	 1,167.15	 62,475.52
 299	 62,475.52	 867.78	 299.36	 1,167.15	 61,607.74
 
 Payment # 	Balance	Payment	Interest	Total Payment	Remaining Balance
__________	__________	________	_______	________	_________
300	 61,607.74	 871.94	 295.20	 1,167.15	 60,735.80
 301	 60,735.80	 876.12	 291.03	 1,167.15	 59,859.68
 302	 59,859.68	 880.32	 286.83	 1,167.15	 58,979.36
 303	 58,979.36	 884.54	 282.61	 1,167.15	 58,094.82
 304	 58,094.82	 888.77	 278.37	 1,167.15	 57,206.05
 305	 57,206.05	 893.03	 274.11	 1,167.15	 56,313.01
 306	 56,313.01	 897.31	 269.83	 1,167.15	 55,415.70
 307	 55,415.70	 901.61	 265.53	 1,167.15	 54,514.09
 308	 54,514.09	 905.93	 261.21	 1,167.15	 53,608.16
 309	 53,608.16	 910.27	 256.87	 1,167.15	 52,697.88
 310	 52,697.88	 914.64	 252.51	 1,167.15	 51,783.25
 311	 51,783.25	 919.02	 248.13	 1,167.15	 50,864.23
 312	 50,864.23	 923.42	 243.72	 1,167.15	 49,940.81
 313	 49,940.81	 927.85	 239.30	 1,167.15	 49,012.96
 314	 49,012.96	 932.29	 234.85	 1,167.15	 48,080.67
 315	 48,080.67	 936.76	 230.39	 1,167.15	 47,143.91
 316	 47,143.91	 941.25	 225.90	 1,167.15	 46,202.66
 317	 46,202.66	 945.76	 221.39	 1,167.15	 45,256.91
 318	 45,256.91	 950.29	 216.86	 1,167.15	 44,306.62
 319	 44,306.62	 954.84	 212.30	 1,167.15	 43,351.77
 
 Payment # 	Balance	Payment	Interest	Total Payment	Remaining Balance
__________	__________	________	_______	________	_________
320	 43,351.77	 959.42	 207.73	 1,167.15	 42,392.35
 321	 42,392.35	 964.02	 203.13	 1,167.15	 41,428.34
 322	 41,428.34	 968.63	 198.51	 1,167.15	 40,459.70
 323	 40,459.70	 973.28	 193.87	 1,167.15	 39,486.43
 324	 39,486.43	 977.94	 189.21	 1,167.15	 38,508.49
 325	 38,508.49	 982.63	 184.52	 1,167.15	 37,525.86
 326	 37,525.86	 987.33	 179.81	 1,167.15	 36,538.53
 327	 36,538.53	 992.07	 175.08	 1,167.15	 35,546.46
 328	 35,546.46	 996.82	 170.33	 1,167.15	 34,549.64
 329	 34,549.64	 1,001.60	 165.55	 1,167.15	 33,548.05
 330	 33,548.05	 1,006.39	 160.75	 1,167.15	 32,541.65
 331	 32,541.65	 1,011.22	 155.93	 1,167.15	 31,530.44
 332	 31,530.44	 1,016.06	 151.08	 1,167.15	 30,514.37
 333	 30,514.37	 1,020.93	 146.21	 1,167.15	 29,493.44
 334	 29,493.44	 1,025.82	 141.32	 1,167.15	 28,467.62
 335	 28,467.62	 1,030.74	 136.41	 1,167.15	 27,436.88
 336	 27,436.88	 1,035.68	 131.47	 1,167.15	 26,401.20
 337	 26,401.20	 1,040.64	 126.51	 1,167.15	 25,360.56
 338	 25,360.56	 1,045.63	 121.52	 1,167.15	 24,314.94
 339	 24,314.94	 1,050.64	 116.51	 1,167.15	 23,264.30
 
 Payment # 	Balance	Payment	Interest	Total Payment	Remaining Balance
__________	__________	________	_______	________	_________
340	 23,264.30	 1,055.67	 111.47	 1,167.15	 22,208.63
 341	 22,208.63	 1,060.73	 106.42	 1,167.15	 21,147.90
 342	 21,147.90	 1,065.81	 101.33	 1,167.15	 20,082.09
 343	 20,082.09	 1,070.92	 96.23	 1,167.15	 19,011.17
 344	 19,011.17	 1,076.05	 91.10	 1,167.15	 17,935.12
 345	 17,935.12	 1,081.21	 85.94	 1,167.15	 16,853.91
 346	 16,853.91	 1,086.39	 80.76	 1,167.15	 15,767.53
 347	 15,767.53	 1,091.59	 75.55	 1,167.15	 14,675.93
 348	 14,675.93	 1,096.82	 70.32	 1,167.15	 13,579.11
 349	 13,579.11	 1,102.08	 65.07	 1,167.15	 12,477.03
 350	 12,477.03	 1,107.36	 59.79	 1,167.15	 11,369.67
 351	 11,369.67	 1,112.67	 54.48	 1,167.15	 10,257.00
 352	 10,257.00	 1,118.00	 49.15	 1,167.15	 9,139.01
 353	 9,139.01	 1,123.35	 43.79	 1,167.15	 8,015.65
 354	 8,015.65	 1,128.74	 38.41	 1,167.15	 6,886.91
 355	 6,886.91	 1,134.15	 33.00	 1,167.15	 5,752.77
 356	 5,752.77	 1,139.58	 27.57	 1,167.15	 4,613.19
 357	 4,613.19	 1,145.04	 22.10	 1,167.15	 3,468.15
 358	 3,468.15	 1,150.53	 16.62	 1,167.15	 2,317.62
 359	 2,317.62	 1,156.04	 11.11	 1,167.15	 1,161.58
 
 Payment # 	Balance	Payment	Interest	Total Payment	Remaining Balance
__________	__________	________	_______	________	_________
360	 1,161.58	 1,161.58	 5.57	 1,167.15	 .00
 361	 .00	 1,167.15	 .00	 1,167.15	 -1,167.15
 
